84
347
1253
1460
3350
3586
3778
5448
5519
5836
6075
6194
6342
6696
6710
6758
7849
7862
8023
8919
9015
9052
9227
9230
9379
9713
9940
10557
10851
11438
11704
11804
12505
13282
13422
14219
14241
14577
14658
15225
15755
15861
16017
16054
16688
17289
17525
17949
19185
19361
19444
19457
19466
19802
19937
20181
20359
20406
20427
20462
20500
21503
22498
22786
22891
23193
23207
23430
23702
24023
25073
26016
26644
26758
27157
28093
28117
28469
29306
29853
30651
32036
32500
32934
33059
33339
33340
33812
33856
34218
34534
34961
36392
37123
38251
38309
38411
38484
38677
38719
39324
39463
39516
41018
47334
47498
47766
47865
47906
48061
48572
48813
48816
49531
51322
51436
51825
52225
52587
52718
53833
53992
54733
54797
55143
55420
55870
56036
56117
56182
56497
57070
57239
57940
57954
58643
58770
58789
59465
59621
59643
60409
60968
61657
61880
61933
62161
62237
62284
62466
63017
63133
63297
63323
63363
63369
63593
63731
65110
65151
65408
65613
65650
66031
66209
66921
66924
67899
68242
68585
68894
69550
69684
69687
69715
69754
69845
69973
69993
70614
70803
70804
71073
71252
71338
71439
71684
71874
72030
72106
72171
72333
73020
74180
74348
75209
75411
75538
75639
75644
75986
76135
76438
76637
76918
77085
77616
77780
77887
77940
78026
78247
78694
78975
79611
79626
79627
80031
80125
80464
80628
81125
81331
81901
82231
82561
82848
83041
83358
83372
84143
84144
84260
84263
84550
84625
85017
85228
85369
85398
85406
85539
85653
87130
87157
87565
87843
87875
88252
88275
88314
88350
88725
88955
89226
89246
89294
89319
89722
90383
90815
91411
91451
91550
91705
91998
92126
92444
92477
92974
93290
93423
93709
93805
94225
94332
94898
95130
95200
95285
95623
96826
97112
97439
97654
97664
98415
98672
98914
99285
99804
100112
100169
100500
100694
101341
101483
101538
101772
101905
101962
102180
102379
103172
103458
104026
104030
104156
104328
104388
104513
104571
104847
105061
105137
105395
105424
105606
105687
105841
106014
106084
106948
107265
107319
107320
107500
107504
107666
107896
108235
108909
108985
109216
109279
109776
109872
110144
110268
111171
111638
111991
112584
112829
113164
113589
114182
114307
114331
115206
115578
115764
115950
116223
116355
116467
116818
117012
117047
117597
117600
117659
117815
118057
118367
118505
118530
118534
118974
118980
119263
119591
119880
119903
119942
120120
120296
120571
120899
120939
121952
122234
122376
122402
122403
122606
122684
123465
123473
123638
124045
124078
124306
124358
124513
124673
124777
124891
124948
125069
125510
125754
125884
126043
126113
126214
126363
126514
126525
126568
126791
127185
127421
127440
128350
128430
128432
128500
128514
128746
128817
128853
128926
128928
128942
128951
129389
129457
129845
129851
129871
129938
130294
130303
130304
130356
130358
130425
130447
131155
131329
131346
131363
131504
131725
131782
131803
131852
131902
131951
132009
132182
132216
132229
132238
132240
132364
132518
132778
132817
132836
133147
133257
133274
133298
133355
133364
133492
133731
133784
133852
134004
134317
134407
134410
134422
134430
134511
134615
134867
135104
135112
135383
135485
135545
135556
135771
135773
135937
136251
136410
136475
136535
136571
136572
136586
136816
136875
137096
137261